1.195089352957019041e-02
5.345957580002477609e-03
1.024667449429789018e-01
1.080824719373944462e-02
1.418928830993446480e-02
1.681809058007437130e-02
1.768979190465403695e-01
2.414904498358001932e-07
5.077549923752602834e-02
9.533601093619042954e-02
2.299186961564126386e-01
5.538251599296351912e+00
5.508352396289503794e+00
5.530698901416822300e-02
5.530698901416822300e-02
8.271172730234686854e-02
8.554685914172394101e-01
6.374884717165160142e-01
6.734038509602211509e-01
2.830888476891063599e-01
1.357196727010725190e-01
9.008947768764579145e-01
4.363768690404159489e-01
4.529660129239821487e+01
3.912421961205534565e-02
1.784518793632726419e-01
1.075549299660766463e-02
1.412609822808224766e-02
1.673215390503790534e-02
1.762113870877397015e-01
8.383857545991560412e-02
3.709527252558764056e-03
9.738669112179116347e-06
1.424437025587125705e+00
1.639198932941121623e-02
1.559473277454978923e-05
5.702451359710291046e-01
4.199813182534388734e-01
1.045909794032232609e+00
1.698947477684882188e+03
6.770595769106237866e-08
7.169373114497825661e+00
